   1.0000000e+00  -9.2339565e-01  -6.4468654e-01  -3.9584816e-01   7.3656216e-02  -6.7877182e-01  -1.6289619e+00
   2.0000000e+00  -3.1578680e-01   9.2344011e-01  -5.4551159e-01  -6.6706246e-01   1.5052600e+00  -5.0480153e-01
   2.0000000e+00   9.5673629e-01   1.8913543e-01  -7.9603674e-01  -2.4726028e+00   1.4255676e+00  -1.1236219e+00
   2.0000000e+00   3.2654316e-01  -9.5923584e-01   1.4101367e+00   5.8492573e-01  -6.0806118e-01   5.8548099e-01
   2.0000000e+00   6.6575245e-01  -3.4936845e-01  -1.1109610e+00  -8.8877900e-01   1.3830449e+00   1.3763462e+00
   2.0000000e+00  -1.7685418e+00  -6.7411965e-02  -1.0661229e+00   1.6347732e+00  -1.6100300e-01   2.0783591e+00
   2.0000000e+00  -4.1109843e-02  -9.1405831e-01   3.1719486e-01   2.0806732e+00   6.9513892e-01   1.5604489e+00
   2.0000000e+00  -1.3445055e+00  -1.0671201e-01  -5.9462133e-01  -2.4776252e-01  -7.1976474e-01   4.2274444e-01
   1.0000000e+00  -9.4589787e-01  -1.6716851e-01   1.8786889e-01   5.1023159e-02   4.7606472e-02   2.6708891e-01
   2.0000000e+00   1.2993204e+00   3.1252723e-01  -5.2727386e-01  -1.0983787e+00   1.9432836e+00   1.4563483e+00
   1.0000000e+00  -4.6720007e-01   1.0526037e+00   9.7469967e-01   8.8399111e-02   1.4525203e-01  -1.5215688e+00
   1.0000000e+00  -3.5928486e-01   2.0253477e+00  -5.7056783e-01   3.1773718e-01   3.3063189e-01   1.0025759e+00
   2.0000000e+00  -1.0899469e+00  -1.2042769e+00   6.9457696e-01  -8.8628385e-01  -1.0113597e-01   3.9260771e-01
   2.0000000e+00  -6.5950655e-01  -2.7235969e-01   1.0286826e+00   7.6861253e-01   4.9663140e-01  -1.1490965e+00
   2.0000000e+00   9.4906942e-01  -4.8303775e-01  -1.4146809e+00  -1.4442579e-01   3.6891159e-01   5.7346233e-01
   2.0000000e+00  -2.2767737e+00   5.7645389e-02   1.5442421e+00   7.8525275e-01   3.5965384e-01  -6.0650066e-01
   1.0000000e+00  -9.3016250e-01  -1.1484597e+00  -9.9527076e-02   1.8266911e-01  -8.3506677e-01   8.3851983e-01
   2.0000000e+00   4.1874191e-01   3.7458460e-01   1.3588912e+00   7.0936704e-02   7.4908109e-01   1.0397199e+00
   2.0000000e+00  -3.0375428e-02  -1.1415301e+00  -8.0716213e-01  -1.5092380e+00  -1.8689691e-01   1.3123008e+00
   2.0000000e+00  -9.9553345e-01  -1.3497207e+00   6.2418188e-02  -4.0316273e-01   1.1995132e-02  -6.9381900e-01
   2.0000000e+00  -1.3514191e+00   1.0333239e+00   1.4435210e+00  -5.5743930e-02  -6.8813489e-01   9.5504866e-02
   2.0000000e+00   1.2702392e+00   1.5058335e+00   5.1331235e-01  -7.7917874e-01   1.0223109e+00  -5.4934328e-01
   2.0000000e+00   1.1857774e+00   5.5140777e-02   1.0849899e+00   1.9762900e+00   1.6789143e+00  -1.0860394e+00
   2.0000000e+00  -9.9246858e-02   1.3430394e+00   6.7989738e-02  -4.7544212e-01  -3.4262849e-01   4.0350695e-01
   2.0000000e+00  -8.3878487e-01  -1.4693147e+00  -3.2565185e-01   1.0743786e+00   1.1534223e+00  -7.6170795e-01
   1.0000000e+00   2.2314270e-01   1.5391294e+00  -6.5740788e-01   3.9692778e-01   5.9593471e-02   3.1285658e-01
   2.0000000e+00   2.3572363e-01   3.1258945e-01  -1.5563441e+00  -4.1501714e-01   2.5469732e+00   1.7219866e+00
   2.0000000e+00  -2.0121030e-01  -7.1104688e-01   3.0329948e-01   1.0450661e+00   2.9987167e-01   7.5760021e-01
   2.0000000e+00   8.4069928e-01   1.0663576e+00   3.1442433e-01  -1.0623561e-01  -7.4309814e-01  -1.3964471e+00
   1.0000000e+00  -1.1591510e+00  -1.4542793e+00   4.0628239e-01   1.0335832e-01   5.2331584e-01   8.7870793e-01
   1.0000000e+00   8.1465714e-01  -6.7518947e-01  -4.2737709e-02   2.4213007e-01   1.0430927e+00  -3.5969313e-01
   2.0000000e+00   6.3059383e-01   6.8753444e-01   1.6519988e+00  -3.8348390e-01   1.1501379e-01   9.7169820e-01
   2.0000000e+00  -5.9277545e-02  -2.8186655e-01   2.4132645e+00   2.7622404e-01   5.9646930e-01   2.6642566e-01
   2.0000000e+00  -1.8914063e+00  -2.2327250e+00   1.1446943e+00   4.8488018e-01   1.2387069e+00  -4.9111809e-01
   1.0000000e+00   2.5598153e-01   2.2895928e-02   2.0275850e-01   3.3994255e-01   8.7911048e-01   5.4140542e-01
   2.0000000e+00  -1.3532483e+00  -1.8453486e+00  -1.0908025e+00   8.5864589e-01  -8.3890813e-01   1.6072868e+00
   2.0000000e+00  -5.1902013e-01  -1.0196440e+00   8.7566282e-01   1.5573746e+00   5.6248231e-01  -1.0307343e-01
   2.0000000e+00   4.9974392e-01   6.3090764e-01  -6.8966399e-01  -1.4762415e-01   1.9031964e+00  -4.4526552e-01
   1.0000000e+00   4.0213260e-02  -3.5391956e-01   1.9162982e-02   3.8996986e-01  -4.8068495e-01   1.4858866e+00
   2.0000000e+00   1.1875106e+00   9.1498965e-01  -2.7661332e-01  -6.1088257e-01  -7.5750185e-01   4.5157935e-01
   2.0000000e+00  -2.1111321e-01  -3.3975364e-01  -5.7204209e-01   1.8887759e+00  -1.1430141e+00  -2.3846976e+00
   2.0000000e+00  -1.3843899e+00   1.2229467e+00  -4.1161099e-01  -7.4193949e-01   2.8640527e+00   1.3402900e+00
   1.0000000e+00   8.5376331e-01   5.0849456e-01  -1.1772809e-01   1.9985640e-01  -2.8256174e-01   3.1879995e-01
   2.0000000e+00   1.2776023e-01  -3.9346360e-01   5.0980814e-01  -2.0829421e+00  -9.7049121e-01  -1.1735125e-02
   1.0000000e+00   2.4017115e+00  -1.9718562e-01  -3.0418367e-01   6.9373589e-01  -2.0885065e+00  -4.6063408e-01
   2.0000000e+00   1.8986144e-01   3.4455455e+00   1.9751193e+00   9.6100642e-01  -5.7215592e-01   3.0389365e-01
   2.0000000e+00  -6.8802768e-01   6.4657957e-01  -5.6598911e-01  -1.1855463e+00   4.4292636e-01  -3.7065055e-01
   2.0000000e+00   8.1557073e-01   1.1556476e+00  -1.7944815e+00  -1.2028458e+00  -4.9108047e-01   1.6251426e-01
   2.0000000e+00  -3.7044549e-01   1.5709618e-01   3.7724608e-01  -9.1369386e-01  -9.8062989e-01  -8.2604675e-01
   2.0000000e+00   2.4343723e-01   2.4309685e+00  -1.2482653e-02  -8.3959065e-01   2.5364137e-02   1.6665221e+00
   2.0000000e+00  -2.3766156e+00   1.2318320e-01  -2.0570960e-01   1.8503534e+00  -2.9591881e-01  -3.2707014e-01
   1.0000000e+00   6.2394426e-01   9.6580031e-01  -7.1756814e-01   4.2307476e-01   1.3241768e+00  -9.4720241e-01
   2.0000000e+00  -5.0832495e-01  -6.2520234e-01  -1.1074577e+00  -7.2453735e-02  -1.6249268e+00  -1.3339427e+00
   2.0000000e+00   1.8256701e-01  -7.2742679e-01  -3.6513370e-01  -2.2042392e-01   3.5184682e-01   2.3919370e-01
   2.0000000e+00  -4.4390606e-01  -2.0322104e+00   3.3787124e-01  -5.2715953e-03   1.3221917e-01   1.4402841e+00
   2.0000000e+00  -1.4895106e+00   4.4612446e-01  -5.1673494e-01  -5.2681835e-01  -2.4083176e-01  -1.9350442e-01
   2.0000000e+00  -7.9153066e-01   4.3861865e-01   1.1351157e+00   2.5809533e-01  -1.0764339e+00   6.0670762e-01
   1.0000000e+00   3.8062065e-01   9.1142046e-01   3.2739439e-01   8.8043029e-01   4.9462649e-01  -7.4272585e-01
   2.0000000e+00   2.5780198e-01  -5.9774256e-02  -1.9447718e+00   1.4440199e-02  -1.4875294e+00   1.1768375e-01
   2.0000000e+00   3.5531551e-01  -1.4136121e-01   2.0032397e-01  -7.9349478e-01   9.8176174e-01   8.1822327e-01
   2.0000000e+00   1.3721884e-01  -8.8172227e-01  -1.1960597e+00  -9.7961691e-01   1.4165250e+00   4.5983482e-03
   2.0000000e+00  -5.0334410e-01   5.7837870e-01   4.2192533e-01  -1.3810472e-01  -7.9742222e-01  -7.0537250e-01
   1.0000000e+00  -1.1114991e+00   4.5195059e-01   4.5040482e-01   7.4209488e-01   1.1015035e+00  -5.4732285e-01
   2.0000000e+00  -1.2586658e+00   4.9356319e-01   7.0209543e-01   7.2835106e-01   6.2253430e-01   2.4860296e-01
   2.0000000e+00  -3.2978272e-01  -1.0043378e+00  -1.5891752e+00  -4.5084577e-01   5.3099716e-01   7.0020961e-01
   2.0000000e+00  -1.8669128e+00   6.5918554e-01   1.7415108e-01   1.3744690e+00   3.0237167e-01  -3.7734466e-02
   2.0000000e+00   2.5569327e+00   6.1317268e-01  -5.5649354e-01  -7.1124845e-01  -2.2311627e+00   5.5126877e-01
   2.0000000e+00  -4.7648291e-01   1.4173777e+00  -1.5502866e+00   2.1005108e-01   1.3678278e+00   4.8228869e-01
   1.0000000e+00   7.2192334e-01  -1.2155446e+00   6.1553220e-02   1.7986198e-01  -1.3949200e+00   1.5361039e+00
   2.0000000e+00  -1.2852199e+00  -1.4568083e-01   1.4546060e-01  -4.3146958e-01  -7.0871534e-02   1.2371022e+00
   2.0000000e+00   1.1358581e+00  -6.4721879e-01   2.0949349e-01   1.4063100e+00  -1.2918105e+00   1.3218406e+00
   2.0000000e+00  -1.7575798e-01  -1.3108903e+00   4.3994256e-01  -7.7360141e-02  -8.3002738e-01   2.6015030e-01
   2.0000000e+00   5.6642699e-01   1.4982966e+00   5.8328591e-01  -1.6212945e+00  -1.0741703e+00  -1.5187337e+00
   2.0000000e+00   7.5961243e-01   5.9116457e-01   1.7617058e+00  -1.3121677e+00   8.0151519e-01  -7.3152735e-02
   2.0000000e+00  -1.5030434e-01  -1.6663910e+00   3.2863654e-01   1.6984764e+00  -1.5276436e+00  -1.4664302e+00
   1.0000000e+00   1.3117083e+00   1.6489340e+00  -2.5241372e-01   3.3404888e-01  -2.2596194e+00   5.8144821e-01
   1.0000000e+00   1.6693681e+00  -4.0145366e-01  -4.7431315e-02   9.6528653e-01   3.6614474e-01  -1.4346627e-01
   2.0000000e+00  -4.7339092e-01   8.1166381e-01   1.6153108e+00   1.4276888e+00   2.5912580e-01  -1.8932895e+00
   2.0000000e+00   7.4800583e-01  -3.4660152e-01   4.7466395e-01   1.4851436e+00   7.4132265e-01   3.9832491e-01
   2.0000000e+00  -1.8438982e-01  -3.1572563e-01   1.2756992e+00  -1.0351368e+00  -7.8971660e-01   2.8857323e-01
   2.0000000e+00   1.0401830e+00  -6.6741686e-01  -1.3630685e-01   1.0407196e+00   1.8589570e+00   1.6619799e+00
   2.0000000e+00  -3.0253715e-01   1.0480897e+00   1.6541961e+00   1.5447130e+00  -1.0242922e+00  -6.7041010e-01
   2.0000000e+00   5.4531344e-01  -9.3611379e-01   3.0773931e-01  -1.2373108e-01  -4.4046047e-01  -1.2086866e+00
   2.0000000e+00  -5.6820414e-01  -4.8780845e-01  -8.0365561e-01  -1.2714407e+00  -6.8783811e-02   1.1742722e-01
   2.0000000e+00  -3.7669235e-01  -9.4789950e-01  -3.2552934e-01   1.0805279e+00   3.3119196e-01  -7.1634415e-01
   2.0000000e+00   9.1490448e-01   9.8050581e-01  -2.1356042e+00   8.5267502e-03   1.1729184e+00   4.2699634e-01
   2.0000000e+00  -1.0620255e-01   3.5285760e-01   8.1586395e-01  -3.9045158e-01  -1.4102655e+00  -7.1241945e-02
   2.0000000e+00  -6.8436433e-01  -4.6854324e-01   7.8610750e-01  -1.4254493e+00  -6.9586585e-01  -1.4038565e+00
   2.0000000e+00   3.5910776e-01  -1.7504164e+00  -1.1281727e+00  -3.6327354e-01   6.9816242e-01  -5.2871543e-01
   2.0000000e+00   1.2075166e+00  -6.4127111e-01  -1.8712539e+00   1.2137925e+00   5.7861702e-02   1.9658718e+00
   1.0000000e+00  -2.1066283e-01   4.8312381e-01   6.6494094e-01   3.7651085e-01   1.2576553e+00   8.5036324e-02
   2.0000000e+00   6.2248884e-01   9.6913400e-01   2.5104056e-01  -2.1047654e+00   2.3661068e+00   1.0559149e+00
   2.0000000e+00  -6.3965415e-01   8.4980674e-01   4.3844297e-01  -8.7802597e-01   6.3088741e-01  -1.3909924e+00
   2.0000000e+00   6.2678247e-01  -5.5967559e-01   1.9700717e+00  -5.7159411e-01   1.4392627e-01   1.1965824e+00
   2.0000000e+00   1.1076676e+00   5.2816274e-02   2.3115346e+00  -2.3202468e-01  -3.4772395e-01   1.3348353e+00
   2.0000000e+00  -1.2168371e+00   1.4746984e+00   1.9045296e+00  -4.9559521e-01  -8.4542079e-01   2.8160807e-03
   2.0000000e+00  -8.7253179e-01   3.3283555e-01   1.8712014e+00  -9.7105242e-02   4.0550189e-01   2.5410191e+00
   2.0000000e+00  -1.7945695e+00  -7.6846503e-01  -1.7197086e+00  -5.7515008e-01  -5.0717103e-01  -6.7212109e-01
   2.0000000e+00  -4.2623057e-01  -1.8281676e+00  -6.4163271e-01   8.5207993e-01   1.3130650e-01  -1.3181654e+00
   2.0000000e+00  -1.4498166e-01   3.7642505e-01   1.3983610e-01  -1.4722061e+00  -1.7602467e-01   6.8791307e-01
   2.0000000e+00  -4.8049493e-01  -1.2913290e-02   7.9399334e-01   7.4674438e-01  -1.0268481e+00   2.3758711e-01
   1.0000000e+00  -9.7946897e-02  -2.3299491e+00   3.3499161e-01   2.9482117e-01  -1.0927841e+00  -8.9295884e-01
   1.0000000e+00  -2.3380354e-01   6.5547238e-02  -4.9948360e-01   6.3003984e-01  -1.4348537e+00   8.3406679e-03
   2.0000000e+00  -6.3766777e-01   6.9452643e-01   1.7339734e+00   2.8753557e-01  -1.1268837e+00   1.7960396e-01
   1.0000000e+00   3.8246755e-01   2.8586266e-01  -5.3133591e-01   3.9229204e-01   1.2482474e+00  -1.3523447e+00
   2.0000000e+00  -8.3957125e-01   3.1617488e-02   1.8451511e+00  -1.3632952e+00  -7.7050258e-01   1.9983361e+00
   2.0000000e+00   4.6913216e-01   3.7114208e-01  -9.4991206e-01   1.0995835e+00  -1.6516093e+00  -5.6520218e-01
   1.0000000e+00   2.2375682e-01   1.3543534e+00  -2.6617742e-01   1.7563053e-01  -7.8632219e-01  -3.1609845e-01
   1.0000000e+00  -1.3684034e+00  -8.3811373e-01  -5.6962461e-01   7.6383167e-01   3.9081825e-01  -5.8149295e-01
   2.0000000e+00  -6.2891306e-01   7.5182882e-01   1.4433778e+00   1.8339623e+00   7.1459994e-02   7.2489774e-01
   2.0000000e+00  -1.1055977e+00   1.4697339e+00  -4.2373873e-01  -1.7187167e+00  -7.1977477e-01   5.2024538e-01
   2.0000000e+00  -1.5415555e+00  -1.3236634e-01   5.1585805e-02  -8.5105281e-01   4.8481246e-01  -4.3736774e-01
   1.0000000e+00   4.1812505e-01  -1.7565113e+00   1.9046190e-01   5.4787715e-01   1.6539371e+00   8.9183941e-01
   1.0000000e+00  -2.8804367e-01  -2.4088194e+00   3.1405092e-01   6.9840225e-03  -8.7857726e-01  -3.6028826e-01
   2.0000000e+00  -6.9831025e-01  -4.5803580e-01  -9.7290600e-02  -1.1181798e-01  -1.6112576e-01   1.0102913e+00
   2.0000000e+00   1.3387136e+00  -6.4513282e-01  -2.3834305e-01  -5.6841357e-01  -1.0896507e+00   9.4018162e-01
   2.0000000e+00   3.5288722e-01   1.1430824e+00   1.8856055e+00   5.1174424e-01  -1.1936555e-01  -8.2413152e-01
   1.0000000e+00   1.5067332e-02   4.3682697e-02   7.6550524e-01   5.8487432e-01  -2.2722561e-04   8.3325372e-01
   1.0000000e+00   1.2874177e+00   1.2630212e+00  -3.3685447e-01   6.5596250e-02  -1.6099619e+00  -3.1869116e-01
   1.0000000e+00  -2.3746619e-02  -3.5024440e-01  -4.6285876e-01   6.0715566e-02   2.3534079e-01   4.9160996e-02
   2.0000000e+00  -1.2930230e+00  -1.2741326e+00  -5.9476706e-01   2.0547770e+00   1.8851936e+00  -2.5154394e+00
   2.0000000e+00   1.0256063e+00   2.0106133e+00   1.2674874e+00   1.1528408e+00  -6.3003531e-01   6.5333528e-01
   1.0000000e+00  -1.7163525e+00   1.0538373e+00   7.4590476e-01   2.3449645e-01   6.6671809e-01   1.9410458e-02
   2.0000000e+00  -1.8880003e+00   1.1970912e+00   2.1426126e+00  -9.1835332e-02  -1.2869029e-01   1.4324714e+00
   2.0000000e+00   3.4193882e-01  -2.4382073e-02   1.1312669e+00   1.2647101e+00  -3.9166139e-01  -3.0148091e-03
   2.0000000e+00  -8.4610115e-01   4.2635567e-01  -8.2589378e-01  -1.9242832e-01  -4.4381146e-02   2.8819031e-01
   2.0000000e+00   8.4119227e-01  -4.6966597e-02  -1.6221717e+00  -4.9070867e-01   2.0214394e+00   1.4068051e-01
   2.0000000e+00  -1.6323182e+00  -1.1198317e+00   2.5507655e-01   1.6001685e+00  -7.3309016e-01  -1.1922126e+00
   2.0000000e+00   9.1144835e-01  -4.3856684e-01   6.4939916e-01  -9.7424413e-01  -7.6593403e-01  -1.6273898e+00
   2.0000000e+00  -1.0500899e+00   1.9178220e+00  -1.5209707e+00   1.0303818e+00  -6.8715135e-01   1.8857435e-01
   1.0000000e+00  -3.2855116e-01  -1.1869940e+00   5.1437820e-01   7.0019731e-01   2.8260924e-01  -4.6177988e-01
   2.0000000e+00  -5.9988317e-01   7.7703014e-03   2.3678264e-01  -7.0644789e-01  -1.3908076e+00   6.6390860e-01
   2.0000000e+00   9.6014676e-01   6.4716774e-01   1.4091351e+00  -5.7995270e-01  -3.1137045e-01   1.0999635e+00
   2.0000000e+00   1.5364983e+00   9.7032701e-01   1.3973861e+00  -4.4918576e-01   5.4109124e-01   1.0757178e+00
   2.0000000e+00  -6.2491951e-01   5.6853967e-01  -1.0193775e+00   9.8121860e-01  -1.5038062e+00  -2.2272199e+00
   2.0000000e+00  -1.2527395e+00   2.6075205e-01  -8.8205416e-01  -1.9704986e-02   9.5919937e-01  -6.2107723e-01
   2.0000000e+00  -3.7593722e-01   7.3311703e-02   1.7277490e+00  -2.8458988e-01  -5.1114546e-02   5.0976086e-01
   2.0000000e+00   2.4178017e-01   3.0179121e-01  -9.1088837e-01   1.2742428e+00  -7.8322355e-01   2.5799108e+00
   1.0000000e+00  -6.9223129e-01   7.6460943e-01   4.6884541e-03   2.6609321e-01   1.0262859e+00   1.3506850e+00
   2.0000000e+00   8.9050901e-01  -1.4214678e-01  -5.2632724e-01   9.0397121e-01  -6.4498683e-01  -1.0283910e+00
   2.0000000e+00  -1.3336799e+00  -8.9754678e-01   7.2317488e-01  -2.5191266e-01  -5.1282153e-01   1.5459364e+00
   2.0000000e+00  -6.5207495e-01   1.6518897e+00  -8.0783625e-01  -8.4104055e-01  -1.4829201e+00  -4.2255825e-01
   2.0000000e+00   3.7247629e-01   6.9097652e-01  -8.3609838e-01  -3.6932821e-01   9.0320223e-01   2.8610375e-01
   2.0000000e+00  -7.1457094e-01  -1.1984638e+00   2.3001412e-01  -7.1552617e-01  -1.6590166e+00  -9.4569332e-01
   2.0000000e+00  -1.2652769e+00   1.1594429e-01  -7.9091885e-01  -9.3351229e-01  -5.4125360e-01  -5.1378187e-01
   2.0000000e+00   1.8534134e+00   2.3284864e-01   6.1043862e-01  -5.3551093e-01  -7.2624241e-01   4.8876411e-01
   2.0000000e+00   3.6189242e-01  -7.4067347e-01   3.7432974e-01  -3.6247428e-01  -1.6682500e+00   6.3135049e-01
   2.0000000e+00   2.8492275e+00  -2.7960221e-01   9.9691169e-01   7.1459640e-01   9.8093885e-02   8.4429349e-01
   2.0000000e+00  -1.3502823e+00   5.1478664e-01   1.0209679e+00  -6.7323366e-01  -1.9044495e+00  -6.9537777e-01
   2.0000000e+00   2.5526072e-01   9.1241819e-01  -1.4762695e+00   1.0066855e+00  -6.7493240e-01   7.7860780e-01
   2.0000000e+00   6.5708087e-01   6.5314984e-01  -7.4719769e-01   1.5117436e+00   1.7413241e+00  -8.2835220e-01
   2.0000000e+00  -4.4329299e-01   5.9433787e-01   3.4735749e-01  -7.9611596e-01   3.4982101e-01  -1.6222454e+00
   2.0000000e+00   1.4865511e+00   3.3774595e-01  -9.0412609e-01  -1.6433950e-01   2.8356942e+00   2.6050644e+00
   2.0000000e+00   4.5830777e-01  -9.3198735e-01   3.7845475e-01  -9.6618959e-01  -1.3675469e-01   5.3874593e-01
   2.0000000e+00  -8.2776854e-01   1.4889843e+00  -1.8528612e+00  -6.2744906e-01  -1.3641100e+00   1.7444468e+00
   2.0000000e+00  -1.2381153e+00  -5.0727214e-01   9.7897783e-01  -8.0404115e-01   1.7364612e+00   1.0268139e+00
   2.0000000e+00   1.2362764e+00   1.7142113e+00   2.0096606e+00   5.0373980e-01  -3.1552388e-01   2.5263734e-01
   2.0000000e+00   1.1484627e+00  -2.7135304e-01   1.4124110e+00   7.6550658e-01  -5.8778383e-01   9.4256890e-01
   2.0000000e+00   2.1514689e+00   3.1076443e-02   9.7299201e-01   7.5816725e-01  -1.3341924e-01   8.9760882e-01
   2.0000000e+00  -8.1066148e-01   6.8178063e-01   9.4389323e-02  -8.6480622e-02  -9.8736215e-01  -8.0799591e-01
   2.0000000e+00  -5.7814643e-01  -1.1170034e-01   1.1898947e+00   2.0952739e+00  -7.6693497e-03  -9.2106175e-01
   1.0000000e+00  -1.9432494e+00   1.9341844e+00  -4.2967104e-01   2.6888139e-01   5.5065271e-01  -4.0788985e-01
   2.0000000e+00  -1.8203021e+00   1.2250214e+00  -1.0898173e+00  -1.6197653e+00   8.6477727e-02  -1.0924989e+00
   1.0000000e+00  -1.2198115e-01   8.4077007e-01   8.0750309e-01   2.9167770e-01  -1.1965426e+00   5.2363371e-01
   2.0000000e+00  -2.0028360e-01  -6.7284018e-01  -3.9427914e-01  -7.4459027e-01  -1.9924866e-01   1.1316956e+00
   2.0000000e+00  -7.4366401e-01   6.0923942e-01  -9.0816488e-02  -5.3445636e-01  -2.5347257e-01  -7.9595905e-01
   2.0000000e+00  -1.9813623e+00   7.2060457e-01  -2.9904597e-01  -5.7882972e-01   1.5260054e+00   1.0449185e+00
   2.0000000e+00   2.0681639e+00  -8.6789142e-01   1.0112753e+00   3.8930838e-01   5.0864507e-01  -1.0545359e-01
   2.0000000e+00  -6.9327602e-01  -5.9054553e-01  -8.4576089e-01  -1.1475540e+00   1.2312742e+00  -1.6703149e+00
   2.0000000e+00  -2.9217245e-01  -1.3669387e-01  -1.2393549e+00  -1.1966122e+00   1.8569721e+00  -7.4936083e-01
   1.0000000e+00   3.7369177e-01   2.5089694e-01  -8.6403459e-02   4.5530518e-01   2.9938033e-01  -6.9088033e-01
   2.0000000e+00   2.1048500e-01  -1.5473805e-01  -3.4433325e-01  -3.2289543e-01  -2.9762095e-01  -9.6428353e-01
   1.0000000e+00  -1.4927159e+00   9.8558354e-01  -5.0555792e-01   3.9380587e-01   5.7712337e-01  -8.8980109e-01
   2.0000000e+00  -4.3183856e-01  -1.6098879e+00  -3.5178793e-01  -5.9861740e-01   1.8883613e-01  -6.1136346e-01
   2.0000000e+00   1.3899472e+00   3.5370939e-01   5.0274966e-01  -1.5916227e+00   3.3851999e-01   1.0646433e+00
   2.0000000e+00  -7.8530888e-01  -6.7479756e-01  -7.4089448e-01   1.0680572e+00   7.1359868e-01  -3.4045890e-01
   2.0000000e+00   4.5228958e-01   7.6994671e-01   1.5561290e+00   3.9206288e-01   8.6875220e-01  -1.9189260e+00
   2.0000000e+00  -7.0497872e-01   6.0243436e-01  -1.4995799e+00  -1.6222012e+00  -7.6614790e-01   8.7581786e-01
   2.0000000e+00   1.8541030e+00   2.1479193e-01  -7.3097183e-01   1.8615925e+00   9.0177296e-01  -1.2478612e-01
   2.0000000e+00  -1.5457768e+00  -1.1386607e+00  -1.1045946e+00   1.3410300e+00   8.7331781e-01  -5.2188871e-01
   2.0000000e+00  -7.9095075e-01   1.6828444e-03  -2.1315504e+00   1.3166260e+00   3.5121340e-01   1.3770963e+00
   2.0000000e+00   1.2457457e+00   1.5909174e+00   3.3121549e-01   1.6996422e+00   1.8882734e+00  -3.2507133e-01
   2.0000000e+00  -4.4417039e-01   3.1313727e-01   3.6657484e-01   1.6860510e+00  -1.3440297e+00  -1.2551853e+00
   2.0000000e+00  -5.6309825e-02  -3.4019271e-01   1.1237140e+00   5.7767389e-01   1.4122471e+00   1.0166421e+00
   1.0000000e+00  -2.1071205e+00  -2.3917710e-02   4.3277929e-01   1.1207931e-01  -4.4316270e-01  -1.8367147e+00
   2.0000000e+00   1.4515565e+00   6.7085354e-01  -5.9461037e-01  -2.7152299e-01  -2.1853310e-01  -5.8428588e-01
   2.0000000e+00   1.1660800e+00   1.2652298e+00   5.7176369e-01   1.1593556e+00  -5.6336892e-01   1.2560026e+00
   2.0000000e+00  -9.2238295e-01   1.9600382e-01   1.4722908e+00   6.0135286e-01   5.7233279e-01  -3.2246314e-01
   2.0000000e+00  -3.5149006e-01   1.3524962e-01  -5.8829654e-01   1.1446360e+00   2.7574644e-01  -1.0601624e+00
   2.0000000e+00  -7.3218424e-01  -4.4838603e-01  -2.3816747e+00  -2.9992883e-01   1.7047425e+00   5.4312743e-01
   2.0000000e+00  -2.5480636e-01  -4.2992206e-01  -5.2465906e-02   1.7676964e+00   6.7960230e-01  -5.3229093e-01
   2.0000000e+00   4.5073251e-02   7.7178666e-01  -7.2495580e-01  -3.0483729e-01   1.6695879e-01  -2.6506208e+00
   1.0000000e+00  -2.4189457e-01   9.6335024e-01  -2.9280673e-01   8.5454809e-01  -6.0744383e-01  -9.3213167e-01
   2.0000000e+00   9.6971020e-02  -4.9034708e-01   4.1487218e-01  -8.0719003e-01   4.2402774e-01   1.2656047e+00
   2.0000000e+00  -9.3333116e-01  -1.5996172e+00  -4.3303833e-01  -4.0910026e-01  -3.9892324e-01  -6.0761124e-01
   1.0000000e+00   1.2163892e-01   5.4335328e-01   4.8527926e-01   5.6503365e-01   1.3538156e+00   1.0437322e+00
   1.0000000e+00  -5.2960600e-01  -2.6877208e-01   3.0095416e-02   1.7271233e-01   1.2526153e+00   1.3766912e-01
   2.0000000e+00   1.3205460e+00   1.6125603e+00   1.5812973e+00  -1.1335040e+00   1.7103218e+00   1.9915951e-01
   2.0000000e+00  -5.1436791e-01  -2.0030258e-01   9.2419336e-01  -1.4425747e+00  -9.9836444e-02  -1.3091757e+00
   2.0000000e+00  -1.2330886e+00  -9.0812595e-01   1.2724824e+00   1.1931768e+00  -7.9286074e-02  -7.8257630e-01
   2.0000000e+00   1.3936646e+00  -8.6473636e-01  -1.3257115e+00   1.0815478e-01  -6.7940358e-01  -7.3014770e-01
   2.0000000e+00   8.9104588e-01   1.5016805e+00   7.7450827e-01  -1.3773530e+00   6.2699538e-01  -8.7267826e-01
   2.0000000e+00  -1.0738202e+00  -6.0499563e-02   1.0931454e+00   5.6235418e-01  -1.7101460e+00   3.2802980e-01
   2.0000000e+00  -5.0803216e-01  -2.9788235e-01   8.3592553e-01  -9.3160329e-01   1.1356570e+00   2.7825419e-01
   2.0000000e+00   1.5232805e+00  -2.2594589e+00   8.5378528e-01  -1.0836229e+00   9.5736350e-02   5.0061002e-01
   2.0000000e+00  -1.1784994e+00  -4.4799485e-01   3.4447861e-02  -1.1682114e+00  -2.9681816e-02  -4.6916063e-01
   2.0000000e+00  -6.3451915e-01  -9.1502650e-01  -2.0929562e-01  -1.9725554e+00   3.4681815e-01  -5.1943401e-01
   2.0000000e+00   4.8002126e-01   1.3095278e+00  -1.7716780e+00   4.8586815e-03   4.9003283e-01  -1.3758075e-01
   2.0000000e+00   4.4268714e-01  -1.1611612e+00   6.6301064e-01  -1.0633431e+00  -1.0257741e+00   1.0287360e+00
   2.0000000e+00   8.9506731e-01   5.9574352e-01  -2.3478069e+00  -5.0209212e-02   8.5416945e-01  -5.0192594e-01
   2.0000000e+00  -2.2026079e-01   3.8031265e-01   3.9355334e-01  -1.9294181e-01  -1.5093968e-02   5.5372477e-01
   2.0000000e+00   1.5986402e+00  -2.5461724e-01   2.0882179e+00  -7.2882762e-01   4.8505247e-01   3.6561228e-02
   1.0000000e+00  -6.2578891e-01  -2.6484919e+00  -1.1211535e-02   4.7505283e-01  -2.4553536e+00  -6.9028299e-01
   2.0000000e+00   7.3114298e-01   5.2864271e-01   6.2236257e-01  -2.1652772e+00   6.3323462e-01   1.2042498e+00
   2.0000000e+00  -1.7373986e+00   9.3723375e-01  -1.1587245e+00  -7.0246219e-01  -1.6358286e+00   5.8144611e-01
   2.0000000e+00  -7.6302404e-01   1.6686443e+00  -1.4827424e+00   4.2980752e-01  -1.6062004e-01  -1.4414003e+00
   2.0000000e+00  -1.1254841e+00   1.0495002e+00   9.6790422e-01  -4.0875406e-01  -9.4674679e-01  -1.4593127e-02
   2.0000000e+00  -1.5524743e-01   1.6297815e+00  -8.6628565e-03  -8.0101812e-01   2.6018504e-01   8.6879726e-01
   2.0000000e+00   7.1956104e-01  -1.1349074e+00  -1.0535080e+00  -4.6900906e-01   1.4799699e-01  -1.0575407e+00
   2.0000000e+00  -3.3376582e-01  -5.2701345e-01   9.1658284e-01  -6.5844348e-01  -1.6231723e+00   7.8373158e-01
   2.0000000e+00  -7.4197644e-01   2.8508466e-01  -1.5905841e+00   5.5392127e-01   9.2377073e-02  -8.5937622e-01
   2.0000000e+00   9.7226468e-01  -2.6737027e-01  -1.8936448e+00  -1.4863299e-01   1.4026733e+00   5.4196243e-01
   2.0000000e+00   1.5898196e+00   1.9555070e-01  -1.3081141e+00  -4.6821013e-01   8.8665918e-01  -4.5477195e-02
   1.0000000e+00   5.3053357e-01  -1.6226421e+00  -5.1142324e-01   1.0715905e-01   1.5668685e+00   4.5389307e-01
   2.0000000e+00   1.0572110e+00  -1.1369306e+00  -4.1088946e-01  -6.2536060e-02  -2.1199929e-01   4.3556419e-01
   1.0000000e+00  -2.5774057e+00  -4.7779932e-01   4.3572149e-01   6.1102254e-01  -1.4168293e+00   1.1419871e+00
   2.0000000e+00   1.0027894e+00  -1.0631268e+00  -3.6565018e-01   9.9553322e-01  -7.9119963e-01  -8.6108886e-01
   2.0000000e+00   7.7280944e-01  -2.6275547e-01  -2.3489123e+00  -9.5596935e-01   1.6147639e+00  -5.6606989e-02
   2.0000000e+00   1.9985955e+00  -9.3375868e-01   6.6548095e-01   4.4950754e-01  -7.1589399e-01  -2.0920577e+00
   2.0000000e+00  -2.6715465e-01   6.2952456e-01   1.6130802e+00   1.8384284e+00   1.0979499e+00   7.9652277e-02
   2.0000000e+00  -1.8745949e+00   1.0022567e-01  -1.5428724e+00  -1.3666372e+00   2.3951921e-01   3.7590017e-01
   2.0000000e+00   1.7628463e+00   1.9838937e+00   8.6393330e-01  -1.3635019e-02  -9.3913520e-01   1.1319336e+00
   2.0000000e+00  -3.1380788e-01  -6.9411087e-01   1.1246209e-01  -6.3324166e-01  -1.3441968e+00  -6.3981656e-01
   2.0000000e+00   5.6668993e-02  -1.4278164e+00  -1.1546011e+00   1.2420577e+00   3.5247756e-01  -1.3475574e+00
   1.0000000e+00  -6.8141001e-01  -1.0981370e+00   5.8580113e-02   1.3290109e-01   2.2996379e-01  -6.9093566e-01
   2.0000000e+00  -4.3263095e-01  -1.3779135e+00  -3.4295330e-01   2.8631001e+00   7.6454485e-01  -3.0790257e-01
   1.0000000e+00   8.1848370e-01   3.1389678e-01   2.6941189e-02   1.1690165e-01   8.4066879e-01   8.4058932e-01
   2.0000000e+00   2.1853867e+00   2.9835112e-01  -1.3889601e+00   1.0988418e+00  -8.6480027e-02  -4.7459283e-01
   2.0000000e+00   8.9799934e-01  -1.0892611e-01   1.2017969e+00  -7.6075225e-01  -9.7059073e-01   1.2392780e+00
   1.0000000e+00  -2.5833899e-01   4.2822270e-01  -7.7536612e-01   2.9379247e-02   1.4599609e+00   1.7893976e+00
   1.0000000e+00   2.6079314e-01  -9.1809290e-02   2.6600461e-01   6.1972621e-01  -1.8429044e+00   9.9293273e-02
   2.0000000e+00   2.2225841e-01  -6.3355866e-01  -1.6288480e+00   1.2547836e+00  -6.4404778e-01   1.4171074e-01
   1.0000000e+00  -1.6280651e-01  -6.0521831e-01   1.7386323e-01   6.4763602e-01  -1.3463880e-01   1.2758781e+00
   2.0000000e+00  -2.0036526e+00  -1.3501653e+00   4.5793962e-01  -4.3466893e-01  -1.0855296e+00   2.9427911e-01
   2.0000000e+00  -9.5132338e-01  -3.0622047e-02   1.6659039e+00  -1.1550707e+00   9.0497950e-01  -1.4945915e+00
   2.0000000e+00  -1.3039443e-01  -1.3232568e-01  -1.3448202e+00  -1.9765633e+00  -1.5204173e+00  -3.4952794e-01
   2.0000000e+00  -5.6548392e-01  -4.7413508e-01   1.5320189e+00   8.4054340e-01  -1.0542629e+00   4.5318308e-01
   2.0000000e+00  -5.1280175e-01  -1.6873365e-01   1.3401734e+00  -1.3591137e+00  -2.9792070e-01  -1.1115016e+00
   1.0000000e+00  -1.2765641e+00   1.7605820e-01   1.6077738e-01   3.7757452e-01  -8.2113898e-02  -1.7628862e+00
   2.0000000e+00  -1.2687162e+00   9.5201818e-01  -3.5384396e-01   1.5779769e+00  -5.5982955e-01   1.7979953e+00
   1.0000000e+00   5.2238109e-01   8.9047744e-01   5.0624544e-01   2.8942222e-01   1.1277139e+00  -2.1976098e-01
   2.0000000e+00   4.4983599e-01   8.2086055e-01  -2.7920339e-01   1.3973515e+00  -7.7526562e-01   1.7514026e+00
   2.0000000e+00  -1.1848852e+00   1.0124590e-01  -9.2700072e-01  -1.0141007e-01   4.6640767e-01   1.5968571e+00
   1.0000000e+00  -1.1395003e+00  -5.9593410e-02   2.4188962e-01   3.6362086e-01  -3.4681959e-01  -1.9324438e+00
   2.0000000e+00  -1.6535777e+00  -6.7172189e-01  -7.7759011e-01  -1.0336433e+00  -1.3660288e+00  -9.1455083e-01
   2.0000000e+00  -9.9463759e-02  -1.3796918e+00   8.2934757e-01  -4.3097435e-01   7.3768066e-01   1.1142085e+00
   2.0000000e+00   2.0018728e+00   3.8117428e-01   4.5759134e-01   8.5475196e-01   3.7330373e-01  -2.6650170e+00
   2.0000000e+00  -3.8334182e-01   1.0654018e+00   1.0659054e+00   2.0269724e+00   1.7728841e+00   5.9170686e-01
   2.0000000e+00   8.5640487e-01   1.2807339e+00  -4.5943048e-01  -2.4479124e-02   1.7276026e+00   6.3629896e-01
   2.0000000e+00  -9.6977433e-02   5.8419298e-01   2.4484413e-01  -1.5165901e-01  -6.7944956e-01   1.5847886e+00
   2.0000000e+00  -2.2101736e+00   2.5190418e-01  -7.7104734e-01  -2.3491682e-01  -3.0395616e+00  -1.7805614e+00
   2.0000000e+00   1.2064291e+00  -2.2541069e-01  -5.8646749e-01  -9.5212498e-01   2.3144706e-01  -6.1102405e-01
   2.0000000e+00   7.0310071e-01  -1.2923814e+00  -2.1910231e+00  -8.8446198e-01   1.6980975e+00   1.5782600e+00
   2.0000000e+00   3.1511939e-01   3.1359851e-01  -7.2948890e-01  -5.2090972e-01  -6.8798493e-02  -5.5185620e-02
   2.0000000e+00  -5.3112596e-01  -1.0379148e+00   3.3666820e-01   4.7128635e-02  -9.8895698e-01  -3.3224535e+00
   1.0000000e+00   5.5925107e-02   8.1467640e-01  -1.7131799e-02   6.2215978e-02   1.6731924e+00  -2.7667101e-02
   2.0000000e+00   1.2271423e+00   1.3268292e+00  -1.9655586e+00  -4.8179780e-01  -9.9287109e-01  -8.4896218e-01
   2.0000000e+00   6.9512541e-01   1.1669517e+00  -4.0430648e-01  -1.0006679e+00  -1.7158601e-01   2.3250983e+00
   2.0000000e+00   8.5290923e-01   4.6687758e-01   5.8287299e-01   1.3165707e+00   1.8148980e+00  -2.4600375e-01
   2.0000000e+00  -3.9702763e-02   1.4722902e+00   1.4096945e+00  -8.1070926e-01   4.9029290e-01   2.9968696e-02
   2.0000000e+00   1.0074786e+00  -4.9950833e-01   8.1250184e-01   1.2092365e+00   1.6075559e+00   8.4017402e-01
   2.0000000e+00  -1.6693569e+00  -1.8905742e+00  -1.4199612e+00   1.9811364e+00  -1.7271700e-02   4.0221825e-01
   2.0000000e+00   2.6474570e+00  -6.3400295e-01  -5.2997697e-01   2.8439768e+00   1.5743059e+00  -3.6943475e-01
   2.0000000e+00   5.9884261e-01   4.5869762e-01  -1.1000093e-01  -2.9755193e+00   5.5036656e-01   1.6956058e-01
   2.0000000e+00   2.1712321e+00  -6.1858244e-01  -9.2612376e-01   1.0620226e+00  -1.3360655e+00  -1.5325863e-01
   1.0000000e+00   6.9320081e-01   4.6135627e-02   2.3319470e-01   5.6647361e-01  -1.5720064e-01   1.1033818e+00
   2.0000000e+00  -9.3991897e-01   6.8735074e-01   2.3569656e-01  -2.5175685e-01  -1.9717269e+00  -5.1451660e-01
   2.0000000e+00  -8.3501130e-01   1.0188125e+00  -9.0093946e-01  -2.6645736e-01   1.5755422e+00   9.7575725e-01
   2.0000000e+00   9.0258923e-01   6.8683832e-01  -7.1639754e-01   1.9134348e+00  -5.5743056e-01   7.3196864e-01
   2.0000000e+00  -2.2979978e-01   3.4377782e-01   1.2554419e+00   1.6835963e-01   2.0256442e+00   6.2611147e-01
   2.0000000e+00  -1.6130363e+00  -2.5210347e-03   4.0584283e-01  -2.3237561e+00   7.1862232e-01  -1.9122481e-01
   1.0000000e+00  -6.2382406e-01  -8.7746092e-02   5.5616821e-01   3.3038109e-01   5.4120233e-02   3.2794817e-01
   2.0000000e+00  -1.6588718e+00  -2.7945517e-01  -5.0351811e-02   1.4459483e+00   9.8935862e-01  -5.1678611e-01
   1.0000000e+00   4.0847659e-01   2.1940498e-01   4.6943259e-01   2.5995311e-02   3.2353846e-01  -1.1075664e+00
   2.0000000e+00   7.0226936e-01   5.7139057e-01   2.8323122e+00   1.4373232e+00  -8.7175321e-01   2.5312705e-01
   2.0000000e+00   2.1620549e+00  -8.3569222e-01  -7.6970986e-01   1.3048044e+00   1.1827795e+00  -7.1617369e-01
   1.0000000e+00   3.7258589e-01  -1.3940492e+00   1.2869544e-02   7.0089705e-01   6.9628242e-01   1.1990681e+00
   1.0000000e+00  -1.1171378e+00   1.7022387e-01  -8.1465886e-01   3.3652725e-01  -5.5663377e-01   7.1722558e-01
   2.0000000e+00  -1.9503474e+00   4.2150523e-01   6.2043348e-01  -8.7951854e-02  -7.2286215e-01  -1.1959725e+00
   1.0000000e+00  -4.2440375e-01   4.1682932e-01  -3.8846943e-01   6.7153766e-01   8.4791352e-01   8.5372360e-01
   2.0000000e+00   3.0765395e-02   1.5383486e+00  -3.1495592e-01  -1.1403569e+00   6.5927939e-01  -2.7216588e+00
   2.0000000e+00  -1.2640941e+00   5.2724139e-01   1.0491242e+00   1.0613393e-01   1.0959369e+00   1.1757384e+00
   2.0000000e+00   4.1979343e-02   1.0243519e+00   2.0892818e+00  -1.2717907e+00  -2.3793137e+00  -4.8808530e-01
   2.0000000e+00  -1.6261260e+00   3.4419284e-01  -1.6378373e-01  -9.9009541e-01   1.7716557e+00   4.9428863e-02
   2.0000000e+00  -1.5392581e-01   1.0469749e+00  -2.8498705e-01  -1.2780659e+00   1.2397645e+00   1.0750108e-01
   2.0000000e+00   7.1833810e-01   7.8882386e-02   1.6232090e+00  -4.8753262e-01   8.1589721e-01  -6.0051347e-01
   1.0000000e+00   1.2975422e+00   1.2008354e+00  -8.6216221e-01   8.9606438e-02  -1.6787852e-01  -3.8767231e-01
   2.0000000e+00  -7.2531825e-01   1.9089008e+00   1.0039327e+00   7.3451051e-01  -6.1699356e-01   5.7481523e-01
   1.0000000e+00   2.4076483e-02  -1.0365980e+00   5.7799604e-01   4.6444521e-01  -1.2854968e+00  -1.3388577e+00
   2.0000000e+00  -2.5504109e-03   1.0662496e+00  -4.7100100e-01   1.9501233e+00   8.1989431e-01  -1.2170094e+00
   2.0000000e+00  -7.5903417e-01  -1.4488701e-02   3.4315683e-01   9.8141844e-01   3.7463622e-01  -4.3920227e-01
   1.0000000e+00  -2.6358619e-01   5.0415036e-01   2.1089390e-01   4.8545830e-01  -1.3994300e-01   7.5908527e-02
   2.0000000e+00   1.0624948e+00   9.0700257e-01  -3.6638458e-01  -8.1732588e-01  -1.6743591e+00  -6.7128933e-01
   1.0000000e+00   8.4748815e-01  -9.4564799e-01   5.1960413e-01   6.3005098e-01   1.0136444e+00   3.2319534e-01
   2.0000000e+00  -1.6173122e+00   2.0642096e+00   7.9216196e-01   8.3273601e-01   1.5405440e-02  -2.0454984e-01
   2.0000000e+00   1.3938636e+00  -1.0124623e+00   7.2045417e-01  -1.1337365e+00  -6.1836703e-01   8.9640291e-01
   2.0000000e+00  -9.8704211e-01   3.9496062e-01  -1.8995180e+00  -1.2057319e+00   8.7298416e-01   1.2343170e+00
   2.0000000e+00   3.8872199e-01   9.1110418e-01  -4.7320052e-01  -1.2096436e+00  -1.4212113e-01   3.5725381e-01
   1.0000000e+00  -7.7554800e-03   1.8724368e+00   4.4708078e-01   6.9539998e-01  -8.5343471e-01  -5.7837324e-01
   2.0000000e+00   1.2595522e+00  -1.3106986e+00   2.7310005e-01  -1.1976644e+00  -1.9828280e+00  -3.4907860e-01
   2.0000000e+00  -3.2485320e-01  -3.6374346e-01   8.2309740e-01   1.0395140e+00   5.9341804e-01   6.6114312e-01
   2.0000000e+00   2.0834098e+00  -1.5986678e+00  -1.4086109e+00  -1.1075951e-01   3.5421364e-01   2.3907324e+00
   2.0000000e+00  -6.4737617e-01   7.7541753e-01   1.5463159e+00  -4.4287063e-01  -1.0937370e+00   9.8101983e-02
   2.0000000e+00   4.7309752e-01   8.4242610e-01   6.4885608e-03  -1.7118338e-01  -2.1296783e+00  -7.8584655e-02
   2.0000000e+00   6.9137345e-01  -8.1392534e-01  -3.0534816e-01  -2.7011183e-01   9.1178356e-01   6.0713631e-01
   2.0000000e+00  -8.5412044e-02   1.4650328e+00   7.7928541e-01  -7.8227348e-01  -2.5063764e-01   6.4657709e-01
   1.0000000e+00  -1.8299787e+00   1.5692213e+00  -2.2040434e-01   7.1058253e-01  -3.1241817e-01   4.8064666e-01
   1.0000000e+00  -7.6184472e-01  -1.0111425e+00   8.6723844e-01   1.9242311e-02   1.6740466e+00   1.3151199e-01
   2.0000000e+00   2.1078639e-01   1.2908854e+00  -3.2043720e-01  -1.1160210e+00   1.0224036e+00  -4.8637839e-01
   2.0000000e+00   5.6940131e-02  -5.6759468e-01   9.0263848e-01   1.4907928e+00   1.9067557e+00   5.4471840e-01
   2.0000000e+00   1.9487644e-01   1.8301153e+00   2.6934636e+00   7.3112501e-01  -4.9451970e-01  -2.7485426e-01
   1.0000000e+00  -2.2990842e-01  -2.9768319e-01  -3.0615760e-02   4.4447475e-01   9.1523874e-01   6.8913114e-01
   2.0000000e+00   1.9563936e-01   5.2703666e-01   2.2466225e-01  -2.4601749e-01   7.2261094e-01  -2.2357338e+00
   1.0000000e+00   4.1606632e-01   3.5753501e-01  -8.9657327e-02   7.5581491e-01   1.2915703e-01  -1.6005956e+00
   2.0000000e+00  -1.8802143e-01   7.8238274e-01   1.1003259e-01   1.5029642e+00   9.7835383e-01   6.9616036e-01
   2.0000000e+00   5.5646981e-01   7.0052451e-01  -1.0966623e-01  -1.3742641e+00  -1.0293653e+00  -2.3854189e-01
   2.0000000e+00   1.0898249e+00  -2.0410784e-01   5.4854431e-01   8.6072870e-01  -1.2937894e+00   2.7975800e-01
   1.0000000e+00   1.7926313e+00   2.0896690e+00   3.3503245e-01   1.9724903e-01   1.8993293e-01   1.2766457e+00
   2.0000000e+00   4.4876294e-01  -1.0528016e+00   2.0293628e+00  -8.8669631e-01  -9.5467914e-01   9.3102820e-01
   2.0000000e+00  -7.1474407e-02  -3.0007442e-01  -1.9041004e+00  -3.4254711e-01   2.0257497e+00  -7.6727937e-02
   2.0000000e+00   1.9514317e+00  -2.0277311e+00   2.9059228e-01  -1.6339520e-01   6.5002260e-01  -5.8883138e-01
   1.0000000e+00  -4.6467258e-01   1.3998339e+00   8.9874595e-01   2.0114675e-01  -1.9716582e+00   1.0849695e+00
   1.0000000e+00   1.9792682e-01  -1.9178700e-01  -5.3893264e-01   1.9022332e-01   3.5983078e-01  -5.4481032e-01
   2.0000000e+00  -3.2413204e-01  -1.3273377e+00   4.7981404e-02  -6.7241680e-01   4.0345549e-01   1.0524366e+00
   2.0000000e+00  -9.4535720e-01  -1.0013101e+00   5.7597639e-01  -9.1817176e-01   1.2536051e+00  -7.6113131e-01
   2.0000000e+00  -2.9546075e-01  -1.0200176e+00   3.3469722e-01  -3.4276269e-01  -9.3120911e-01  -1.2639657e-01
   2.0000000e+00  -6.1193958e-01  -6.6723325e-01   9.2339791e-01   5.3185609e-01   1.4845362e-01   8.7686950e-01
   1.0000000e+00  -6.4050220e-01   2.3271440e-01  -3.2640288e-01   2.0831040e-01   4.8502931e-01  -5.1285825e-01
   2.0000000e+00   9.4079509e-01   2.5729609e-01  -2.0905082e-01   1.9202103e+00  -9.7972497e-01   4.6007444e-01
   2.0000000e+00  -2.4237974e-01   1.1597750e+00  -1.1061424e+00  -2.9573620e-01  -5.8653289e-01   3.8613980e-01
   2.0000000e+00  -1.3638442e-01   4.5938598e-01   1.1148316e+00  -1.6092487e-01  -1.4138927e+00  -1.6434990e+00
   2.0000000e+00   8.0650491e-01   1.2206728e+00   2.4241655e-01  -8.5467013e-01   2.8206996e-01   6.9321574e-01
   1.0000000e+00  -3.8800008e-01  -1.3599868e-01  -3.4006048e-01   1.3317851e-01   7.3020890e-01   1.6810331e-01
   2.0000000e+00  -1.2733059e+00  -7.6378185e-01   6.3792101e-01  -5.9552960e-01  -1.2980699e+00   1.7092986e+00
   2.0000000e+00  -7.3464547e-01  -7.7469629e-01  -1.2039033e+00  -2.1818257e-02   8.4939017e-01  -1.8655006e-01
   2.0000000e+00   7.1959048e-01   7.5695433e-01  -8.7862560e-01   7.3205375e-01  -2.2814962e+00  -1.5570510e+00
   1.0000000e+00  -5.7892188e-01   8.4271922e-01  -1.4513465e-01   7.3882305e-01  -5.9321760e-01  -7.5074356e-01
   2.0000000e+00   2.8004974e-01  -2.7960248e-01  -1.7235608e-01  -7.6246621e-02   3.7843326e-01   1.7059375e+00
   2.0000000e+00  -9.9600815e-01   4.0628070e-01   1.4291917e+00  -3.3679530e-01   9.2211734e-03   1.1587821e+00
   2.0000000e+00  -3.0957332e-01  -1.7941074e-01  -1.8119682e+00  -3.0784985e-01  -1.7007666e+00   8.0946976e-01
   1.0000000e+00  -4.3533377e-01  -6.2347652e-01  -9.5942411e-01   1.3661774e-01   3.4749934e+00  -1.9861815e-01
   2.0000000e+00   3.8642033e-01  -1.3878719e+00  -1.2864013e-01  -4.7697947e-01   4.7548881e-01   2.8498768e-01
   1.0000000e+00  -1.1294740e+00   1.4394419e+00   3.9523633e-01   1.4969203e-01   7.0800726e-02  -3.4508803e-02
   2.0000000e+00   8.9795829e-01  -2.1969789e-01  -1.2559368e-02  -1.4550401e+00   1.8382760e-01  -3.5799116e-01
   2.0000000e+00  -1.8829420e+00  -7.3752320e-01   1.8031563e+00  -6.6832364e-01  -1.7465512e-01  -1.1784287e+00
   2.0000000e+00   5.0156343e-01  -1.0508898e+00  -5.6526160e-01  -6.4269455e-01   5.9433883e-01   1.0718373e+00
   2.0000000e+00  -6.8012142e-01  -9.0855980e-01   9.8196033e-01   1.6238048e+00   6.2561538e-01   9.3611659e-01
   2.0000000e+00  -1.2144616e+00  -2.5927350e-01  -1.1385397e+00   3.8057875e-01   4.8107900e-01  -1.1969139e+00
   2.0000000e+00   4.9280383e-02  -4.4050116e-01  -1.3679106e+00  -1.2219427e+00  -2.5506671e-01  -3.9548110e-02
   2.0000000e+00   5.2208300e-03   2.9871038e-01   5.1020858e-01  -1.6848624e+00   6.0557714e-01  -1.1718800e+00
   2.0000000e+00  -7.8513782e-01   7.9625513e-01   6.3055631e-01  -1.7490466e+00  -3.5241533e-01  -1.0674803e+00
   2.0000000e+00   8.3365413e-01   1.6391761e-01   1.0236153e+00   6.4984625e-01   1.1988555e+00   1.7061911e+00
   2.0000000e+00  -4.5476757e-01   2.4555114e-01  -1.5401916e+00  -1.6003131e-01   2.3326206e+00   2.0518091e-01
   2.0000000e+00  -3.9806256e-01  -1.7881328e-01  -3.3288462e-01  -2.1099585e-01  -2.1937850e-02   1.7273575e-01
   2.0000000e+00  -5.2418409e-01  -8.7519136e-01   1.1964312e+00  -2.2283330e-01  -1.1024651e-01  -2.6729195e-01
   2.0000000e+00  -2.2847164e+00  -2.5697698e-01   5.4418959e-01   1.1061889e+00  -1.4435537e+00   6.8698386e-01
   1.0000000e+00  -1.7490749e+00   1.2760307e+00   7.7202201e-02   6.4098603e-01  -1.6624981e-01  -5.7608983e-01
   2.0000000e+00  -2.6708076e-01   7.4429679e-01   1.4529205e+00   3.0112214e-01   8.6051030e-01  -1.7015708e+00
   1.0000000e+00   2.5199882e-01   3.3868468e-01  -4.5082455e-01   1.1652410e-01   8.0802063e-01   1.7264876e-01
   1.0000000e+00  -8.1669538e-01  -2.3176316e+00   6.5844984e-02   2.3696745e-01   5.7218766e-01  -9.9985535e-01
   2.0000000e+00  -1.2312101e+00   3.8698974e-01   4.0852763e-01  -3.0057917e-01   1.3842606e+00  -3.0582545e-01
   2.0000000e+00  -3.5920558e-01   3.4910079e-01  -7.5512627e-01  -6.2785440e-01   8.0411318e-01  -5.2844887e-01
   1.0000000e+00   1.6607274e+00   1.6241470e+00  -1.4716025e-01   7.3437882e-01  -3.8764690e-01  -1.3029718e+00
   2.0000000e+00  -2.7592306e+00  -6.5696549e-01   2.4234912e-01  -6.9098225e-01   9.9269903e-02   1.1035853e+00
   2.0000000e+00  -1.7738595e+00  -1.7088490e+00  -4.3642576e-01  -3.2091800e-01   9.2801702e-01  -7.6581805e-01
   2.0000000e+00   1.4364273e-01   9.6253470e-02   9.6727507e-01   7.7663260e-01   3.2337896e-01   1.1095742e+00
   2.0000000e+00  -3.2092163e-01   3.2971108e-01  -9.7396452e-01  -1.5000910e+00  -1.7450606e-01  -1.6637622e+00
   2.0000000e+00  -1.0138597e+00   4.4686903e-01  -5.3872490e-01  -5.2918339e-02   1.0765024e+00  -8.3375226e-01
   2.0000000e+00   1.2841467e+00  -9.7108833e-01  -9.1558429e-02  -6.2805760e-01   1.6687769e-01  -3.7199734e-01
   2.0000000e+00   1.2256096e+00  -1.3994959e+00  -4.1801556e-02  -7.4646781e-01   2.1364132e-01  -1.4738935e-01
   2.0000000e+00  -2.2018420e+00   3.9844478e-01   2.9009160e-01   1.5094902e+00  -1.3452648e+00  -7.6821537e-01
   2.0000000e+00   7.4765065e-02  -3.9584466e-01   1.0479170e-02  -6.6512404e-01  -4.5524696e-02   6.2023627e-01
   2.0000000e+00  -1.2484069e+00  -9.5722855e-01  -4.7597045e-01  -1.4661534e+00   1.5181182e+00   5.5114185e-01
   2.0000000e+00  -1.0992483e+00   2.3496484e-01   1.5488948e-01   1.0644224e+00  -1.3135765e+00   6.4565556e-01
   2.0000000e+00   6.5810888e-02   2.5831849e-03  -7.4205552e-01   1.8942407e+00  -2.5635963e-01   1.0696930e-02
   2.0000000e+00   1.9814834e+00   1.8634370e-01  -4.8121694e-01   9.0621940e-01   2.7841265e+00  -9.4325844e-01
   2.0000000e+00  -1.2608979e+00   4.5574215e-01   3.4458867e-01  -2.0556936e+00  -4.5944436e-01  -2.5720150e-01
   2.0000000e+00  -5.5883851e-01   1.4824657e+00  -4.3428029e-01   1.1948626e+00   1.4994463e-01   2.8352076e+00
   2.0000000e+00   1.3181752e+00  -3.3264519e-01  -2.0747011e+00  -2.0297085e-01   9.7804394e-01   6.3814074e-01
   2.0000000e+00   1.0190760e+00   3.0719860e-01   2.3312234e-01  -4.4243651e-01   1.0523835e-01   8.0839401e-01
   2.0000000e+00   3.8592995e-01  -8.7912935e-01  -3.1863174e-01  -9.1553564e-01  -1.1834289e-02   6.2713110e-02
   2.0000000e+00   4.4585970e-01  -1.0512713e-02   9.3147535e-01   1.5715909e+00   8.8287188e-01  -8.9298043e-01
   2.0000000e+00   4.0613742e-01   2.1119341e+00  -8.9873982e-01  -3.6052328e-01  -6.5221711e-01   1.6143771e+00
   2.0000000e+00  -6.5040817e-01   8.3303891e-01  -2.1487377e-01  -7.7241420e-01  -3.1732393e-01  -1.5914846e+00
   2.0000000e+00   2.4715501e+00  -4.1248323e-01   1.1198240e+00  -2.0556528e+00  -2.7504931e-01  -9.8643032e-01
   2.0000000e+00  -1.4321000e+00   4.6045714e-01  -4.0414207e-01   1.1001174e+00   1.7054810e+00   1.1500020e+00
   2.0000000e+00   8.0955036e-01   5.6037482e-01  -1.0688638e+00   7.1765408e-01   1.7022369e+00  -1.0764363e+00
   2.0000000e+00   7.5905617e-01   3.0225320e-01   6.9513209e-01  -1.9569052e-01   1.0417694e-01   1.0124334e+00
   2.0000000e+00   5.8524997e-01  -9.6239974e-01  -1.7557197e-01  -8.7957239e-01  -1.4977875e-01   1.2586333e+00
   2.0000000e+00   1.3821886e+00   5.6439690e-01   8.9975502e-01  -2.9177348e+00   1.8625776e-02   6.6580714e-01
   2.0000000e+00   9.2630190e-01  -1.2916051e+00  -3.9930044e-01   1.1133533e+00   1.1329133e-01   9.3925774e-01
   1.0000000e+00  -2.9142298e-02  -2.1748463e-01   4.8136212e-01   7.0901593e-01   1.1063674e+00   2.5416300e-01
   2.0000000e+00   5.2388628e-01  -3.7822394e-01   3.7597214e-01   1.1203143e+00   1.9156599e+00   1.9139461e-01
   2.0000000e+00  -9.3170912e-01  -7.8547499e-01   2.6959777e-01  -8.1521833e-02  -1.1509667e+00  -4.3489702e-01
   2.0000000e+00  -2.3166119e-01  -1.2303614e-01   2.7827049e-01  -6.1237871e-01  -1.4399188e-01  -9.9743487e-01
   2.0000000e+00  -1.3312082e+00   5.2153111e-01   6.0894116e-01  -1.5576769e+00   6.1596677e-01   6.0167356e-02
   2.0000000e+00   6.3643394e-01   3.4131063e-01   1.6988531e+00   6.5927056e-01   6.8386378e-01   8.6238135e-01
   2.0000000e+00   1.4619939e+00  -1.6327030e+00  -4.5787867e-01   1.3546811e+00   1.1297885e+00   1.9981185e-01
   2.0000000e+00  -4.1943482e-01   2.5825309e+00  -1.0831662e+00  -1.0940357e+00  -5.9977483e-01  -2.0556491e+00
   1.0000000e+00  -1.9576760e+00   6.1189546e-01   8.0325398e-01   5.4798843e-01  -7.3119529e-01  -4.4191191e-01
   2.0000000e+00   3.9502243e-01  -6.2701340e-01   4.5970642e-01  -9.3380937e-01  -2.0333181e+00  -1.1537037e+00
   2.0000000e+00  -4.1425682e-01  -1.0992306e-01  -8.8041724e-01   5.9827879e-01  -2.3607624e-01   1.1902700e+00
   2.0000000e+00  -1.4356402e+00  -8.7689468e-01  -2.0906800e+00   1.1906840e+00   1.8760221e+00   1.5000263e+00
   2.0000000e+00   1.9357816e+00  -1.9945181e+00   1.1259644e+00   7.9670380e-01   1.4265896e+00  -3.1688999e-01
   1.0000000e+00   7.6814396e-01  -9.0905529e-01   4.3413153e-01   4.8598868e-02  -3.7912145e-01   4.4872855e-01
   1.0000000e+00  -1.3063352e+00  -2.2282553e+00  -3.6123367e-01   6.3761697e-01  -3.1555573e-01  -1.1598116e+00
   2.0000000e+00   2.2539306e-01   2.4711527e-01  -1.0481764e+00   1.8712944e-01   9.0300755e-02   2.1750927e-01
   1.0000000e+00   5.1584298e-01  -9.2727858e-02   3.3312055e-01   2.5572396e-01  -1.2290934e+00   1.4269582e+00
   2.0000000e+00  -1.2888069e+00  -9.3328164e-01  -9.9803978e-01  -6.7076842e-01   1.5291341e+00   1.3575226e+00
   2.0000000e+00  -1.1233421e+00   9.9669763e-01   9.5447309e-01   1.4869148e+00   8.3583359e-01   3.7534210e-01
   2.0000000e+00  -1.0983369e+00   1.2200116e+00   3.0615502e-01  -1.1603994e+00   1.5968526e+00   4.6797989e-01
   2.0000000e+00   2.0950356e-01  -2.0068483e+00   4.0648049e-01  -2.5245587e-01  -1.0713996e-01  -2.4486218e+00
   2.0000000e+00   2.4966860e-01  -5.6724928e-01   2.8113966e-03   1.1251003e+00   3.3217771e-01  -1.5081815e-02
   1.0000000e+00   1.0661757e+00  -1.4154315e+00   1.5973182e-01   5.5212406e-01   3.2470657e-01   2.1831107e-01
   1.0000000e+00  -1.8612579e-01  -1.6336841e+00  -9.2230308e-02   1.1612000e-01   4.0547352e-01  -2.0002068e-01
   2.0000000e+00  -1.8341534e+00  -8.4135357e-01   1.2589559e+00  -2.0793779e+00   1.2388303e+00   8.3554121e-01
   1.0000000e+00  -7.1875153e-01   8.7728597e-01   7.6450524e-01   1.5246585e-01  -7.7682105e-01   6.1372152e-01
   2.0000000e+00   7.5506674e-01  -2.7107415e-01  -1.0461721e+00   7.0999056e-01   1.5331031e-01  -3.1887958e+00
   2.0000000e+00  -1.1177243e+00   1.1736510e+00   5.1816532e-01  -4.2158264e-01  -1.2160167e+00   2.7989993e-01
   1.0000000e+00   3.2549055e-01  -2.4227648e+00   7.6863449e-02   7.4784272e-01  -3.8169387e-01  -1.5016557e+00
   2.0000000e+00   4.7734000e-01  -6.5103410e-01  -1.3519967e+00   2.6901690e-01   6.0457698e-01   1.6900236e-02
   1.0000000e+00   1.4007649e+00   8.7947795e-01   2.8142870e-01   3.5131360e-01   6.1740580e-01   1.0079713e+00
   2.0000000e+00  -1.1806014e-02   9.1508000e-01  -6.5476792e-01  -1.2085877e+00  -5.0219743e-01   1.1709503e+00
   2.0000000e+00   1.2717690e+00   4.7324171e-01   1.6149060e+00  -2.5678607e-01  -2.2520725e-01   2.0482949e+00
   2.0000000e+00   1.6862735e+00  -6.5385483e-01   5.8435250e-01  -4.6638129e-01  -1.6624827e+00  -2.7631425e-01
   2.0000000e+00  -8.5238700e-01   9.6248114e-01   6.9281684e-01  -1.0457112e+00  -1.0174583e+00   3.0579735e+00
   2.0000000e+00  -1.3059868e+00  -2.1115162e-01  -5.3413182e-02  -5.7962179e-01  -6.7370902e-01  -8.0010600e-01
   2.0000000e+00   1.6048309e+00  -1.4125127e+00   8.6983972e-01  -1.2369675e-01   1.0930655e+00  -5.0534059e-02
   2.0000000e+00  -1.4374126e+00   4.3149495e-01   6.1844463e-02  -7.9468490e-02   2.6441241e-01  -1.3664774e-01
   2.0000000e+00   2.9889204e-01  -1.4366066e+00   1.0033558e-01  -1.2106714e-01  -3.2636781e-01  -1.3092901e+00
   2.0000000e+00  -2.0747365e-01  -7.5444350e-01   2.2943118e+00   1.8927849e+00   1.4528651e-01   6.6994664e-01
   1.0000000e+00   1.1837741e-01  -1.7718704e+00   4.2928975e-01   1.4710120e-01  -4.0625084e-02  -1.2180066e+00
   2.0000000e+00   8.6891349e-01   5.4100707e-01  -5.7568825e-01   1.7356009e+00   8.0107895e-01  -1.0734420e+00
   2.0000000e+00   1.7343560e+00  -1.7944841e-01  -7.8237344e-01  -1.3469780e-01  -5.4840234e-01  -2.6198852e-01
   1.0000000e+00  -1.4140651e+00  -6.0063934e-01  -4.0434339e-01   4.7042691e-01  -8.2208061e-01   1.0541331e-01
   1.0000000e+00  -1.6143720e+00   2.1341016e-01  -1.5828407e-01   7.7056476e-02   2.3543024e-01   5.5510959e-01
   1.0000000e+00  -1.6146269e+00  -8.3282619e-01  -5.7158056e-01   6.6197046e-01   7.6668946e-01   1.7160038e+00
   1.0000000e+00  -6.2653677e-01   1.1133433e+00  -5.5624385e-01   1.5679686e-01  -5.7317170e-01   1.1470992e+00
   2.0000000e+00   7.9263713e-01   3.6607133e-02  -5.6702269e-01  -1.5235939e+00   9.3622326e-01   2.7254293e-01
   2.0000000e+00   8.5027788e-01  -6.5565968e-01  -2.0807136e+00   1.6924396e+00   8.1561541e-01  -2.8960854e-01
   2.0000000e+00   4.1737843e-01  -1.2907900e-01  -6.0533321e-01   1.3576773e+00   2.2416280e+00   8.6612283e-01
   2.0000000e+00   1.2017011e+00   5.3017156e-01  -1.7889075e-01  -1.3758536e+00   1.2447983e+00  -3.1867206e-01
   2.0000000e+00  -1.0855158e-02  -1.2452111e-01   1.3088665e+00  -2.6647173e+00  -7.4005093e-01   9.1386404e-01
   2.0000000e+00   3.2373584e-01   8.6318709e-01   3.2376916e-01  -9.3106024e-01  -3.7614124e-01   2.1417529e-01
   2.0000000e+00   1.5744203e+00  -8.2415466e-01   1.1063455e-02  -9.1164617e-01   8.7036223e-01   3.7604982e-01
   1.0000000e+00  -1.5204569e+00   9.3483528e-02   6.5577640e-01   1.7748000e-01   3.9856205e-01   6.0867596e-02
   1.0000000e+00   1.0758293e+00  -4.3327066e-01  -5.5446731e-01   6.9498379e-01   1.4862948e+00  -2.9011219e-01
   2.0000000e+00   1.5927834e+00  -1.5948200e+00   6.7801522e-01  -1.1774423e+00  -8.4679283e-01   1.8382342e-01
   2.0000000e+00  -3.4999718e-01  -1.0885037e+00  -4.8337472e-01  -1.3428080e+00   1.1121515e+00   9.0291682e-01
   2.0000000e+00   1.1241080e+00  -1.1589596e-02  -1.2951639e+00   1.7322372e+00   9.6220819e-01   9.9274704e-02
   2.0000000e+00   9.1047510e-01   3.7372471e-03   1.9528030e+00  -8.0398009e-01   8.0821248e-02  -1.4912219e+00
   2.0000000e+00  -4.1155695e-01   8.2120738e-01   1.1076596e+00   3.1959462e-01  -2.1818777e+00  -1.1133728e+00
   1.0000000e+00   3.7930134e-01   2.2694501e+00   1.8763584e-01   4.1020889e-01   1.5132523e+00   6.6104378e-01
   2.0000000e+00  -1.2994019e+00  -1.2665412e+00   1.1977585e+00  -9.1675810e-01  -3.4581027e-01   1.5168996e+00
   2.0000000e+00   1.1464679e-01  -1.0633602e+00  -2.4369895e-02  -2.0851059e+00   1.1049572e+00  -3.7506530e-02
   2.0000000e+00  -1.0071783e+00  -7.0876244e-01  -1.8223492e+00  -1.7047194e+00   2.3196328e+00  -1.7112263e+00
   2.0000000e+00  -1.2714869e-02  -1.9043020e-01  -1.7362120e+00  -9.6455156e-01   1.2245283e+00  -8.0323429e-02
   2.0000000e+00   5.7274226e-01  -8.0545139e-01   1.4131726e+00   1.4136708e+00   1.5405139e-01  -7.5571779e-01
   2.0000000e+00  -2.7661253e+00  -1.7901112e+00   1.3040814e+00   3.0991050e-01  -1.0039633e+00  -6.7264479e-01
   2.0000000e+00  -8.0252474e-01   4.1228132e-01  -7.1108260e-02  -1.3437565e+00  -1.2416073e+00  -1.1551434e+00
   2.0000000e+00  -1.5997355e+00   5.7372067e-01  -3.1257821e-01   1.2965286e+00  -5.2491150e-02   1.2082994e+00
   1.0000000e+00  -6.7062429e-01   4.6843380e-01  -3.0976600e-01   8.7884584e-01   1.6432195e+00   6.1299405e-01
   1.0000000e+00   1.3372978e+00  -1.1246178e+00  -8.6673391e-03   3.0950646e-01   4.7608565e-01  -1.3648112e+00
   1.0000000e+00   8.8866374e-01   2.2966038e+00  -3.5403995e-01   3.8565962e-01   3.3866004e-02  -1.2210455e+00
   2.0000000e+00  -1.5786433e+00  -1.3837538e+00   1.8073905e+00   5.8591275e-01   3.2498450e-01  -1.6049304e-02
   2.0000000e+00   6.3809988e-03   3.1106846e-01  -1.2455901e+00  -6.6401951e-01   1.8716121e-01  -8.1796202e-01
   2.0000000e+00  -9.5377052e-01  -5.9328911e-01   9.7862488e-01  -3.0264267e-01   9.1884022e-02   6.1538228e-01
   2.0000000e+00  -9.5436024e-01  -2.5405006e-01  -9.3468294e-01   5.4960866e-01   1.0618175e+00  -3.6918925e-01
   2.0000000e+00   9.8565178e-01   4.7093831e-01  -2.3657628e-01  -1.6892435e-01   4.1420004e-01   6.8221008e-01
   2.0000000e+00   5.7786492e-01  -6.6207962e-01   1.2251378e+00  -4.9030738e-01  -8.5203345e-01  -1.1270146e+00
   2.0000000e+00   7.4907191e-01   1.9337627e-01  -9.9939348e-01   1.2136435e+00  -7.1476821e-01  -4.1194277e-02
   1.0000000e+00   4.0259700e-01   6.2425589e-01  -4.3928001e-01   1.1062530e-01   7.9501597e-01   3.4805019e-01
   2.0000000e+00  -5.4545999e-01  -7.7427895e-02   1.6274214e+00   4.8471875e-01  -7.5487253e-01  -1.2568037e+00
   2.0000000e+00   9.1495577e-01  -3.0383475e-01   1.4087997e+00   5.7245728e-01   9.9143870e-01  -5.7799399e-01
   2.0000000e+00   1.5215847e+00   1.8581357e+00  -8.8337246e-02   1.3594754e+00  -5.3803460e-01  -1.8663911e+00
   2.0000000e+00   5.0543713e-01  -1.7859345e+00   4.4024581e-01   1.0860141e+00  -1.5911420e-01  -6.6488257e-01
   2.0000000e+00  -1.3073315e+00  -8.7583241e-01  -5.6728945e-01  -1.8753313e+00  -1.8555749e+00   1.5481265e+00
   2.0000000e+00  -1.4327263e+00   1.0412683e+00   3.4115303e-01   1.0369095e+00  -7.4151671e-01   2.5038276e-02
   2.0000000e+00   1.3518893e+00   1.0256321e+00  -2.7676322e-01  -6.6597283e-01   1.0841262e+00   2.1776060e+00
   1.0000000e+00   1.5247690e+00  -1.3864530e+00   1.4833246e-01   2.9710295e-01  -6.6137261e-01   1.0917422e+00
   2.0000000e+00   2.1345560e-02   5.9387156e-02  -1.6180435e+00   8.7440126e-02  -7.4342073e-01  -1.8844999e+00
   2.0000000e+00  -1.4305353e+00  -1.2298014e+00   2.6673865e+00   6.6531840e-01   2.3799141e-01  -4.8067357e-01
   2.0000000e+00  -9.6971555e-01   4.3515588e-02  -4.5461726e-02   1.2700392e+00   3.1489744e-01  -1.3161506e+00
   2.0000000e+00  -4.1084130e-01   4.6044151e-01  -1.2135035e+00   5.8184651e-01  -2.3168182e-01   2.1590251e-01
   2.0000000e+00   3.8527196e-01   1.7007693e-01  -8.9684327e-01  -7.3808772e-01   1.6916550e+00  -3.5653908e-02
   2.0000000e+00   7.2431849e-02   1.1964580e+00   4.6035623e-01  -1.2735547e+00   2.2983221e-01   1.4491919e+00
   1.0000000e+00  -2.3447398e-01   3.9720913e-01   8.6771961e-01   3.7884484e-01  -1.0103763e+00  -1.7350333e-01
   2.0000000e+00  -1.5126172e+00  -1.8967201e+00   2.3997100e+00  -4.6739726e-01  -6.5979077e-01   9.8159338e-01
   2.0000000e+00  -1.3174186e-01  -1.7361794e-01   6.3394248e-01  -1.6277130e+00  -1.3633314e+00  -8.1126453e-01
   1.0000000e+00   3.0890593e-01   5.7546930e-01   5.4797676e-01   1.7078582e-01   1.3071199e-01   1.6522424e-01
